1000
9.644668 26.470219
9.079841 27.752220
4.331403 15.674299
9.681185 20.428764
0.421473 8.494690
5.308554 16.517284
7.773149 17.910629
9.485921 28.231569
7.393654 24.534622
9.805566 24.251015
7.228820 15.722443
0.776334 7.886325
9.119906 19.955050
6.012890 15.925591
1.657740 12.569303
0.307326 1.917058
6.434707 22.256582
0.894946 2.556002
6.398659 13.373448
1.832504 10.485140
8.227876 23.596809
2.720306 11.441636
9.505389 21.217007
5.260751 17.420546
1.953542 8.973402
1.538927 12.260216
6.331120 14.977502
5.516019 16.483067
4.030498 9.589905
9.350838 24.389912
0.782733 11.223629
6.990644 21.198729
9.045330 25.976250
7.983550 21.411087
8.461721 26.739498
2.264119 11.217834
6.957112 18.898649
2.690621 11.843742
7.190652 22.332676
3.361546 15.867285
3.017690 10.935852
8.326556 26.001923
7.215734 18.274042
4.799838 10.845906
5.371486 14.893646
6.934468 20.023155
3.808838 11.542789
3.371659 9.597485
1.810703 4.976613
8.298156 16.868736
1.171263 2.904800
6.962020 22.052414
5.546700 20.746040
4.590878 11.919106
7.604013 23.160450
1.881546 4.384795
2.852896 5.913894
9.970513 20.009657
4.050678 12.871708
1.314861 12.051885
8.921026 26.091381
5.576382 13.882627
2.174442 13.296924
5.584033 15.153208
0.303249 4.488688
4.257568 9.989648
4.444463 10.108515
9.602887 29.196938
0.872229 5.938222
2.728515 13.933271
2.146188 8.902437
9.097945 23.194975
4.818163 18.704784
5.067714 19.004269
3.838809 14.060194
8.291004 19.341845
4.631904 13.131194
5.489700 17.785746
2.815428 6.704589
0.791489 4.701656
4.955922 14.960901
4.593189 18.586763
6.268645 16.733364
9.391548 25.923969
8.389841 18.899746
5.617115 11.770259
6.730124 18.175308
5.535113 12.618513
3.783519 8.169865
0.417128 8.456583
6.985401 22.678934
0.382164 2.381633
2.575519 11.022903
8.423651 22.238247
6.945598 23.106337
8.509624 18.920767
4.264197 11.631206
1.301906 3.136653
7.298888 15.291231
7.673716 21.036160
2.813518 8.917866
6.224757 21.993156
8.005892 17.771654
1.091928 3.973267
2.362697 6.234451
9.411739 28.171577
0.217188 10.228279
0.965403 4.723514
5.665769 20.720591
8.183653 18.978672
8.604194 23.901665
4.512887 11.894164
9.796088 25.406969
3.401232 13.897440
6.508246 14.091440
2.783705 14.889174
4.365779 17.740021
8.865405 20.102482
0.768334 11.494001
4.161082 11.453195
1.466389 6.505599
2.479130 6.641837
3.366724 10.177981
4.476285 17.985062
2.833587 8.327111
1.643859 4.725498
9.353214 24.863174
4.306170 17.761644
1.971538 11.650478
6.244280 20.968346
8.782351 26.592686
7.801549 18.751228
8.036448 22.739849
5.519800 19.844381
6.624288 22.929459
1.935812 11.962302
3.253703 10.922348
9.774255 26.168936
7.859476 19.969492
5.652919 11.998899
6.910477 21.117731
2.130842 10.525376
3.453523 13.344059
5.412995 16.251053
4.144416 9.946107
3.904846 10.736458
0.685260 3.076915
6.074896 20.871500
8.373348 18.341393
7.526489 20.050615
1.275578 12.013458
3.088314 10.705910
3.877244 10.617056
1.149707 4.036134
7.113108 21.028841
2.429782 8.883148
4.099403 12.759430
0.287277 8.127480
0.997638 7.695547
2.977987 11.098027
7.357547 21.597927
8.068820 24.180447
8.589228 21.322170
6.764515 20.491606
5.738412 15.767828
1.960213 10.934416
3.753306 12.555140
1.543272 10.717093
7.911096 18.515171
9.367270 23.758743
9.495605 20.788263
9.047789 21.690586
6.357677 22.050419
1.147934 9.651182
5.035337 14.196596
2.497368 7.387619
1.008753 2.583694
0.435691 10.469362
4.709904 16.620012
6.560557 13.569428
1.491210 11.503189
7.462306 20.169130
3.569297 16.144173
2.875066 7.230525
1.698557 5.639451
6.504595 14.203352
4.039388 13.631159
4.789170 9.975405
4.887448 15.712001
7.752379 25.427544
0.063025 0.375797
2.315669 5.703117
0.815934 4.383228
0.669759 6.865356
9.951565 27.133446
5.974154 13.391083
5.751086 14.938631
6.687291 22.694965
2.442039 14.446435
0.800774 5.742144
1.804694 10.914757
5.334758 16.513599
2.857752 5.839434
6.241147 20.227493
6.061033 16.115593
7.667985 21.460030
4.243273 18.470200
7.195837 19.450882
2.735014 13.335625
0.585045 3.856669
5.095912 16.751022
4.129355 9.105708
9.995659 20.807964
0.167381 2.772459
0.379003 1.726162
6.578293 15.340282
8.273524 18.460100
8.027780 17.186836
2.036981 8.342888
8.876477 25.850967
8.262452 23.069366
4.222073 10.949870
6.528118 14.474146
7.564931 24.392996
9.283506 26.716988
1.949712 8.278842
4.709175 15.497416
5.226417 15.157667
6.895713 19.185223
7.142531 21.559778
6.361952 16.444729
9.458413 23.552303
5.633877 18.753946
5.766753 19.204365
1.755119 8.153467
5.768871 11.555313
1.187693 12.366330
2.523295 12.762402
1.408854 2.905934
6.978943 14.650246
8.238203 25.405060
5.071778 13.090935
5.007721 10.313637
7.652212 17.207859
5.691993 16.178728
9.178150 20.410244
8.515568 25.667698
6.689421 17.528286
6.122756 14.701686
1.820302 11.518478
7.099404 21.787981
7.895445 24.077988
7.580118 15.578978
6.002908 20.994789
0.506967 3.995786
9.681332 28.107834
1.910506 8.574121
1.692549 10.303324
5.051305 19.447372
8.821660 18.386618
4.139504 16.278818
2.797242 8.249556
6.636374 22.759411
6.804516 16.368162
1.942836 12.510491
0.637004 10.316249
6.213992 20.960434
7.329338 18.452785
8.951190 21.234625
2.783082 15.024321
6.314096 15.092606
8.203328 24.631260
7.217524 24.330925
5.142829 12.554486
9.240638 22.445765
3.012126 9.404393
1.964300 9.737968
6.035213 20.671101
5.296031 13.431790
1.359804 9.958474
1.464548 4.925903
6.281107 20.240753
0.529258 4.668960
1.472649 12.425747
6.942691 18.141113
8.938606 21.133999
6.720143 20.582220
1.481389 6.900445
7.037811 20.699841
6.206495 18.691439
0.588707 10.396036
9.658589 21.870186
5.027989 15.749781
1.153681 2.631382
8.533531 19.580547
7.562886 25.123852
4.510293 12.864580
7.676618 20.392788
7.454439 24.058146
4.519999 13.437126
3.404998 10.268600
7.653916 15.432973
0.600538 10.336382
4.062809 15.763968
5.759523 11.788351
3.916797 14.181824
9.487926 22.551237
8.901237 22.318390
9.269188 18.593296
4.839934 17.482588
2.568404 7.539629
7.800798 22.680294
6.246815 17.971046
2.118248 7.937749
4.626684 15.891615
8.098383 24.228447
0.096850 5.946000
8.156824 17.011036
4.887604 11.994841
8.335737 17.318602
2.488937 7.230409
6.995358 15.967578
5.827920 17.552437
6.492777 18.082663
5.951515 13.235743
2.899828 14.319575
3.735533 8.171693
5.598617 21.179581
6.178043 20.072952
3.683602 8.171932
4.355110 10.492206
8.836410 22.124779
7.534284 22.061802
5.149349 12.720587
9.212867 21.910820
3.069015 7.839833
5.737620 11.539612
3.678667 8.922873
5.960969 12.093382
6.662648 15.237780
1.504156 12.570788
0.432403 6.104496
0.263103 6.557225
5.222038 16.885221
3.747883 16.401407
7.245872 22.594738
0.687625 7.457532
2.554955 13.331818
3.075515 13.855334
0.643797 3.575975
1.189390 6.091591
3.990185 14.907381
3.777184 15.223221
8.492550 26.723251
7.840296 20.835789
1.650636 12.645725
4.717674 11.518387
4.584142 14.149060
8.114059 26.034298
1.421922 4.705786
8.711820 26.091434
9.964936 29.329317
4.750077 12.020044
7.621354 23.068300
0.224194 8.713539
0.113974 1.641532
1.977962 8.060083
8.340593 22.436333
1.773012 10.379167
5.493299 20.599905
1.988341 11.120617
8.957760 24.621534
9.226974 21.995852
1.686791 10.714617
3.348082 9.804877
9.202975 20.465853
1.776508 12.720928
1.459347 9.445278
1.687803 12.456306
4.352177 10.616351
7.345850 19.157852
3.325581 15.974975
8.570311 18.806795
5.078959 10.501240
8.499318 17.570894
9.956631 20.400921
7.716193 24.346775
7.193673 21.330513
2.456293 13.793051
4.284201 14.372777
1.989178 7.465533
7.864277 19.494240
2.655089 14.633802
0.292271 4.927434
8.404324 21.453094
6.254889 18.259951
9.110600 27.801670
5.073987 17.828884
1.246644 2.646235
8.024233 25.794428
0.725203 9.431269
0.233621 8.908637
6.895254 21.217802
5.384563 20.120674
6.307759 22.284281
5.155921 18.608780
3.155941 9.332081
2.062623 9.936276
2.343822 7.042537
0.153922 1.055990
6.999342 20.407495
6.498319 19.106579
5.989281 13.550867
3.790852 14.817629
1.725251 5.265586
6.981887 16.414230
9.795947 26.807402
0.891850 8.474901
4.642802 15.562016
6.042747 13.036056
5.945178 13.089023
9.247498 27.596115
4.218866 9.747852
4.912149 16.386988
3.665015 12.396100
7.310833 15.286022
1.474883 6.758918
6.774299 21.012760
5.381458 11.328067
4.700089 16.506887
2.380234 6.442445
9.557163 21.290508
8.897484 18.243980
8.867382 21.275051
6.725427 18.360981
4.490847 11.652298
6.108797 15.955938
1.771724 3.871111
5.048464 16.780802
6.890352 22.494183
1.749945 7.701075
9.377835 21.980499
8.010338 22.172810
0.688992 4.769780
6.717284 18.823648
0.498505 10.094528
7.071058 14.197785
1.273699 8.515940
0.504682 1.150445
9.508828 26.247765
5.051208 14.102092
9.900714 20.961433
7.738019 17.148474
1.487669 5.761822
8.356310 25.090641
1.499961 3.106177
2.579206 6.036209
3.331084 7.251712
7.029930 18.079937
3.981339 11.709891
9.409158 23.298161
2.844731 12.169678
4.535513 13.189455
2.448758 9.937712
4.259510 10.476606
2.270304 13.851326
5.957261 14.085539
0.470725 4.636730
3.843454 9.645304
6.481762 15.163288
0.336416 8.654554
2.306020 7.527661
8.859519 23.356140
3.505166 12.899780
9.657180 26.800865
9.636662 28.339661
1.966349 6.414091
5.546554 17.594969
6.599822 21.194956
1.542057 3.943447
9.952899 23.718159
0.170051 6.250262
5.983378 12.607533
9.605439 29.037712
2.599171 11.285543
2.026597 6.988780
4.068924 12.470465
5.851209 14.630861
9.969720 29.295815
8.817892 27.262684
6.842879 22.140312
8.693237 26.195702
0.935946 6.111684
5.311090 18.157949
2.235103 11.323353
8.395101 18.978203
0.665508 9.896168
8.098161 22.845207
9.205929 26.115458
6.475718 14.756535
3.790802 16.083918
4.740686 17.341099
2.834931 6.261755
0.788170 4.380990
9.948269 29.502600
2.431550 11.654248
8.060616 17.246017
5.600376 20.197315
5.364578 11.640623
6.532331 20.664341
7.764613 20.456657
9.787682 28.005484
3.492584 14.871011
5.079007 12.856527
5.589442 12.733610
4.503612 18.387468
0.057039 9.358377
7.239971 17.371912
9.836193 27.700527
5.696620 21.177704
7.634202 23.396574
6.575609 18.846037
9.252957 20.681900
4.691380 14.000295
3.087452 7.398614
2.217216 5.286499
6.151142 14.307182
9.282187 28.208099
9.890741 24.142677
2.342238 10.164660
5.915918 18.677687
4.860427 15.693813
6.090149 14.280695
8.864928 23.656197
0.128538 4.818624
5.710803 19.184343
2.689719 7.665851
3.457558 8.857792
4.462398 17.073732
6.560213 20.670277
9.372648 27.522726
8.401916 22.327621
0.782328 9.248756
5.167516 11.008101
2.045295 11.600345
6.153252 20.267717
4.355605 9.724889
3.934172 8.314096
3.114077 9.027253
6.372094 15.986803
7.360649 16.804195
1.005354 2.061077
4.369308 13.201529
1.993045 12.817796
2.611849 13.776957
6.381556 14.747608
7.330687 19.444843
7.508287 23.129589
2.467572 7.610947
8.786083 22.085033
0.185557 5.310448
2.474082 9.489325
5.953014 18.314281
4.986915 19.040920
9.207353 19.773714
2.309705 11.187411
3.441905 10.198870
6.618369 21.047951
7.777972 24.167356
6.642919 13.675659
7.164671 17.353817
2.374318 9.243994
7.807946 25.498495
2.608373 5.492264
2.558407 6.511270
4.788386 12.320737
6.333790 19.930048
7.285125 16.857056
3.670721 9.613482
1.353894 5.585862
3.631048 10.925695
9.446075 25.965103
6.978659 20.021763
4.884166 14.524961
4.675859 10.878804
5.146451 12.133432
4.551560 16.623888
6.335889 15.031283
7.403373 23.751007
2.635024 15.231828
0.338717 8.100843
2.705744 12.083994
4.685878 19.362625
8.959310 26.275219
2.262909 4.839021
1.234673 8.363302
3.976802 8.634354
2.966909 6.889279
6.745193 21.341463
5.712090 12.845232
9.378160 19.614861
3.261584 10.452888
8.379309 26.356091
6.289226 18.361134
8.541735 26.007719
5.744462 20.369373
6.347660 21.145525
5.552958 12.139453
8.441074 21.394417
9.390137 19.484257
4.825471 10.275751
6.597939 21.998152
1.305557 12.175964
9.757734 27.566219
7.415925 20.301674
9.471805 25.737694
6.328365 15.390119
0.723805 6.155285
2.330862 11.674754
0.490356 1.853308
5.937281 18.109379
9.753048 21.791037
4.685023 14.676052
3.318479 9.763055
9.818274 22.345161
3.830080 12.303905
3.333424 7.094870
3.446018 11.531018
9.992870 23.189493
2.689733 12.788261
8.673576 19.508690
4.202880 13.407701
4.894925 14.716536
9.709617 26.645020
1.939717 4.079405
8.098384 24.073765
6.434789 20.721010
0.161939 1.443691
3.157437 9.795293
4.245910 11.467530
6.189034 20.454056
7.619455 24.761368
8.504010 18.073494
4.161439 16.819759
4.269225 15.389623
5.905675 14.754152
9.012710 18.133974
7.944744 19.797123
5.035240 17.724842
1.133422 9.241801
7.854332 24.940470
4.851954 13.993031
7.083237 19.180367
5.408935 11.058544
8.494311 26.643467
3.216386 11.116117
7.730833 16.297506
4.205803 14.646450
1.901314 12.169870
4.731723 15.633986
5.218415 11.074228
9.113341 22.457808
0.745952 8.549991
8.138761 22.058714
4.712446 18.697075
2.756149 8.079077
8.503988 24.616079
6.855901 19.299026
2.621997 7.508829
5.827901 12.772110
1.919679 12.883644
5.799654 21.249821
9.880127 19.765709
5.885356 13.552153
8.372699 17.362476
7.951980 19.495075
1.254477 9.574278
7.822239 17.644907
4.123408 14.207815
7.781622 24.399097
5.233182 11.004135
1.402633 6.542437
8.145874 24.550282
9.324396 19.416664
0.523369 6.199035
1.884180 6.211408
4.196583 16.077000
2.093561 8.263830
7.689290 23.357494
5.858150 17.778290
8.595996 21.002123
9.653102 29.156677
0.875453 9.226246
1.850903 8.700667
3.436339 16.505203
3.834715 16.338951
0.170296 5.577941
2.406690 13.129552
3.495883 8.722853
9.084042 22.187336
6.883383 14.734987
6.462300 14.004566
8.652055 25.859970
5.156675 16.654694
6.534778 14.084381
2.403332 9.937438
4.824957 11.706347
4.981247 15.662905
9.531774 25.895699
0.699271 4.366654
6.464676 17.463339
1.637632 9.910236
9.771336 23.586994
4.951142 13.169503
5.775409 15.586001
7.286470 17.231733
5.003406 13.755582
3.738757 11.132975
2.304632 13.504698
9.996804 28.833019
9.910258 22.220654
3.970185 12.675584
4.456569 17.864571
0.435625 4.859592
5.783583 12.702062
6.956454 16.161165
5.668883 19.931852
8.883230 23.206678
2.638408 9.111189
8.707437 25.828690
7.869557 21.733023
1.072609 5.018180
9.742679 24.296724
6.528423 15.104157
3.706799 13.938825
0.886721 5.390500
8.925363 22.707630
8.352272 20.086475
3.808338 16.404573
7.370274 24.332468
9.922794 24.172318
1.840179 9.272036
2.920814 6.565038
1.031896 7.623014
4.557782 18.854897
3.973040 10.373419
5.733240 16.512129
5.300302 16.076523
9.857015 21.542753
7.523230 18.610273
8.353951 25.117851
7.180871 21.641058
3.266857 12.066858
0.661246 8.397686
4.321042 16.673603
6.667115 17.578066
2.358248 13.223790
9.835513 24.950089
9.230703 19.328815
0.838285 5.465055
0.606742 6.024808
6.215826 18.771633
9.856973 21.230072
1.815901 13.345790
3.344851 16.028835
3.277801 8.254406
7.749083 15.956839
8.978117 18.972174
5.991817 21.622997
8.091134 16.495129
7.670882 20.100014
4.556695 9.142521
3.265544 10.923297
5.308193 13.112635
5.259618 16.665714
6.284734 18.435827
0.957801 4.416162
2.206342 5.227459
4.016686 12.055616
0.528761 8.419062
3.361375 10.529312
9.060341 19.231138
4.265236 16.568930
2.126397 4.509846
7.677820 15.573172
0.569912 6.488527
4.975780 15.078169
5.377833 18.996990
9.518817 19.723660
0.737572 6.253580
6.832504 20.687315
0.644795 9.079895
9.522866 21.896870
8.605079 20.749710
6.873381 22.880602
0.901091 2.036938
2.940403 15.842237
1.345213 9.896065
7.999890 19.471388
7.462692 20.603094
3.689140 15.410885
1.026413 10.717747
3.159212 12.722672
6.906245 16.490519
7.090273 21.824364
7.456464 18.835705
4.666124 17.433508
1.713081 7.615153
0.952396 2.222952
7.728543 23.282864
9.452000 27.533634
8.060533 18.513468
8.591067 26.587879
9.598042 25.787041
2.877355 12.815443
2.268667 11.103830
5.093337 13.481753
5.231417 18.715382
9.699327 21.536316
0.930577 8.650755
9.781480 27.950001
0.712376 5.872357
6.488299 15.402056
8.636595 24.713886
2.743618 11.852373
5.266473 12.728563
4.994773 13.316551
4.588020 12.761879
2.732751 9.651564
0.176796 5.963699
1.246794 4.939051
2.176602 10.693336
5.740544 18.889107
4.592679 14.625228
9.545681 24.614616
2.229471 13.786103
3.910296 10.762441
3.774765 7.948125
5.367305 13.145969
7.839292 23.789505
8.776497 20.658758
0.306540 4.384350
6.432771 17.760101
7.357109 23.879740
9.080621 25.695147
4.775629 9.878672
9.979369 26.910969
6.667545 19.055004
4.360250 9.980724
1.159785 6.225501
6.783480 16.956215
3.233092 7.159961
6.331103 19.670063
1.092373 3.883154
9.419216 27.770096
9.809332 27.814377
2.037429 4.190731
1.966982 12.404164
5.010432 19.344955
7.635722 19.362497
6.857997 16.127344
4.418468 15.674302
9.363583 19.813179
2.557280 8.838392
2.346238 8.409539
7.629764 24.389246
7.106319 15.075495
9.823494 23.084412
7.870713 16.657291
5.135832 17.561592
9.847530 24.640224
5.485641 12.856243
5.061035 17.574694
0.355160 0.781787
6.776715 21.544312
4.162520 11.959753
0.402232 9.385454
0.472078 10.709970
9.667003 22.363363
3.489647 8.992534
6.746421 14.612255
1.142957 6.138656
1.982267 4.930986
7.290165 24.433311
1.882317 6.190631
7.142909 16.015663
7.371161 17.370871
3.614808 9.661811
0.081173 4.132314
2.503663 11.865214
1.960849 10.587882
0.492600 3.348281
5.247173 11.459023
2.128896 9.171968
3.994036 13.606615
6.927415 14.595287
6.737955 21.546284
4.593199 17.906620
9.036823 19.957010
8.573202 18.065544
4.309360 14.334830
2.648988 6.978497
8.344661 22.953117
4.112716 16.651266
0.233764 7.083907
5.283722 12.762056
3.282563 12.341448
4.557694 17.645124
6.741000 20.168589
3.443911 7.622857
2.305134 4.981593
1.475493 11.994074
8.441697 22.952085
7.763310 23.005140
7.952055 22.240622
8.397661 19.056738
2.052623 5.151896
3.941935 8.281153
7.310446 22.675543
8.823116 25.190443
4.671031 13.448899
9.738823 27.431240
9.883160 24.062836
6.483330 19.590818
0.983107 11.893456
7.359195 18.006630
0.298565 9.431818
2.331329 13.402922
4.903379 9.901398
6.218784 15.293002
6.431151 17.478748
5.116848 18.717472
5.663095 20.384974
8.881058 20.735657
7.113435 21.931044
0.517751 2.819968
1.811012 3.878599
9.738059 21.170290
4.553091 15.327571
8.318331 22.172859
6.148628 17.974783
8.824440 24.096073
4.512214 10.180197
5.187456 19.790504
1.250408 3.907056
2.271025 12.223612
6.022685 19.433243
6.165334 14.016447
6.446657 17.939705
4.659321 12.878733
2.750566 10.678204
5.344557 15.250691
5.433646 15.949908
6.255750 22.498238
1.304004 7.182088
5.522936 18.498503
0.251607 4.850589
3.899825 12.563471
5.503144 20.093569
4.179412 15.112377
0.493520 7.437479
4.435112 15.386429
3.838311 8.277069
8.201984 16.688936
5.646838 14.154982
3.845059 16.087521
8.038378 25.266371
2.958981 9.389985
4.272231 17.759193
3.458762 12.493757
3.788811 16.559319
3.028866 10.098150
3.329072 13.586836
8.804238 26.440693
6.015972 15.015594
5.585770 17.681030
9.434089 18.889059
3.025697 9.323793
0.621328 2.470338
3.557367 13.382900
4.088987 15.580401
4.665569 11.458504
6.592042 20.808634
5.599390 12.063053
6.839280 22.736710
6.440507 13.509106
8.039848 25.549070
4.668509 10.705940
6.398064 16.268875
0.201138 2.816311
6.456398 18.699703
8.923528 23.737541
5.807789 13.564802
9.162886 24.754889
3.176906 9.074065
2.697283 12.660458
0.122680 7.608213
9.393258 25.501240
4.987401 14.967451
7.578995 16.984673
